BARRA,
1,0,0
2,100,50
3,300,200
4,350,250
5,220,100
6,1100,800
7,400,320
8,300,200
9,300,230
10,300,260
11,0.9,0
12,1200,800
13,800,600
14,700,500
15,0,0
16,300,150
17,500,350
18,700,400
19,1200,1000
20,300,300
21,400,350
22,50,20
23,50,20
24,50,10
25,50,30
26,100,60
27,100,70
28,1800,1300
29,200,120
30,0,0
31,1800,1600
32,200,150
33,200,100
34,800,600
35,100,60
36,100,60
37,20,10
38,20,10
39,20,10
40,20,10
41,200,160
42,50,30
43,0,0
44,30,20
45,800,700
46,200,150
47,0,0
48,0,0
49,0,0
50,200,160
51,800,600
52,500,300
53,500,350
54,500,300
55,200,80
56,0,0
57,30,20
58,600,420
59,0,0
60,20,10
61,20,10
62,200,130
63,300,240
64,300,200
65,0,0
66,50,30
67,0,0
68,400,360
69,0,0
70,0,0
71,2000,1500
72,200,150
73,0,0
74,0,0
75,1200,950
76,300,180
77,0,0
78,400,360
79,2000,1300
80,200,140
81,500,360
82,100,30
83,400,360
84,0,0
LINHA,
84,1,0.1944,0.6624
1,2,0.2096,0.4304
2,3,0.2358,0.4842
3,4,0.0917,0.1883
4,5,0.2096,0.4304
5,6,0.0393,0.0807
6,7,0.0405,0.138
7,8,0.1048,0.2152
7,9,0.2358,0.4842
7,10,0.1048,0.2152
84,11,0.0786,0.1614
11,12,0.3406,0.6944
12,13,0.0262,0.0538
12,14,0.0786,0.1614
84,15,0.1134,0.3864
15,16,0.0524,0.1076
16,17,0.0524,0.1076
17,18,0.1572,0.3228
18,19,0.0393,0.0807
19,20,0.1703,0.3497
20,21,0.2358,0.4842
21,22,0.1572,0.3228
21,23,0.1965,0.4035
23,24,0.131,0.269
84,25,0.0567,0.1932
25,26,0.1048,0.2152
26,27,0.2489,0.5111
27,28,0.0486,0.1656
28,29,0.131,0.269
84,30,0.1965,0.396
30,31,0.131,0.269
31,32,0.131,0.269
32,33,0.0262,0.0538
33,34,0.1703,0.3497
34,35,0.0524,0.1076
35,36,0.4978,1.0222
36,37,0.0393,0.0807
37,38,0.0393,0.0807
38,39,0.0786,0.1614
39,40,0.2096,0.4304
38,41,0.1965,0.4035
41,42,0.2096,0.4304
84,43,0.0486,0.1656
43,44,0.0393,0.0807
44,45,0.131,0.269
45,46,0.2358,0.4842
84,47,0.243,0.828
47,48,0.0655,0.1345
48,49,0.0655,0.1345
49,50,0.0393,0.0807
50,51,0.0786,0.1614
51,52,0.0393,0.0807
52,53,0.0786,0.1614
53,54,0.0524,0.1076
54,55,0.131,0.269
84,56,0.2268,0.7728
56,57,0.5371,1.1029
57,58,0.0524,0.1076
58,59,0.0405,0.138
59,60,0.0393,0.0807
60,61,0.0262,0.0538
61,62,0.1048,0.2152
62,63,0.2358,0.4842
63,64,0.0243,0.0828
84,65,0.0486,0.1656
65,66,0.1703,0.3497
66,67,0.1215,0.414
67,68,0.2187,0.7452
68,69,0.0486,0.1656
69,70,0.0729,0.2484
70,71,0.0567,0.1932
71,72,0.0262,0.0528
84,73,0.324,1.104
73,74,0.0324,0.1104
74,75,0.0567,0.1932
75,76,0.0486,0.1656
84,77,0.2511,0.8556
77,78,0.1296,0.4416
78,79,0.0486,0.1656
79,80,0.131,0.264
80,81,0.131,0.264
81,82,0.0917,0.1883
82,83,0.3144,0.6456
FIM,